m = [0.7142857142857143 ,  0.8514851485148515 ; 
0.7285714285714285 ,  0.8514851485148515 ; 
0.7428571428571429 ,  0.8514851485148515 ; 
0.7571428571428571 ,  0.8514851485148515 ; 
0.7714285714285715 ,  0.8514851485148515 ; 
0.7857142857142857 ,  0.8514851485148515 ; 
0.8 ,  0.8514851485148515 ; 
0.8142857142857143 ,  0.8514851485148515 ; 
0.8285714285714286 ,  0.8514851485148515 ; 
0.8428571428571429 ,  0.8514851485148515 ; 
0.8571428571428571 ,  0.8514851485148515 ; 
0.8714285714285714 ,  0.8514851485148515 ; 
0.8857142857142857 ,  0.8514851485148515 ; 
0.9 ,  0.8514851485148515 ; 
0.9142857142857143 ,  0.8514851485148515 ; 
0.9285714285714286 ,  0.8514851485148515 ; 
0.9428571428571428 ,  0.8514851485148515 ; 
0.9571428571428572 ,  0.8514851485148515 ; 
0.9714285714285714 ,  0.8514851485148515 ; 
0.9857142857142858 ,  0.8514851485148515 ; 
0 ,  0.8613861386138614 ; 
0.014285714285714285 ,  0.8613861386138614 ; 
0.02857142857142857 ,  0.8613861386138614 ; 
0.04285714285714286 ,  0.8613861386138614 ; 
0.05714285714285714 ,  0.8613861386138614 ; 
0.07142857142857142 ,  0.8613861386138614 ; 
0.08571428571428572 ,  0.8613861386138614 ; 
0.1 ,  0.8613861386138614 ; 
0.11428571428571428 ,  0.8613861386138614 ; 
0.12857142857142856 ,  0.8613861386138614 ; 
0.14285714285714285 ,  0.8613861386138614 ; 
0.15714285714285714 ,  0.8613861386138614 ; 
0.17142857142857143 ,  0.8613861386138614 ; 
0.18571428571428572 ,  0.8613861386138614 ; 
0.2 ,  0.8613861386138614 ; 
0.21428571428571427 ,  0.8613861386138614 ; 
0.22857142857142856 ,  0.8613861386138614 ; 
0.24285714285714285 ,  0.8613861386138614 ; 
0.2571428571428571 ,  0.8613861386138614 ; 
0.2714285714285714 ,  0.8613861386138614 ; 
0.2857142857142857 ,  0.8613861386138614 ; 
0.3 ,  0.8613861386138614 ; 
0.3142857142857143 ,  0.8613861386138614 ; 
0.32857142857142857 ,  0.8613861386138614 ; 
0.34285714285714286 ,  0.8613861386138614 ; 
0.35714285714285715 ,  0.8613861386138614 ; 
0.37142857142857144 ,  0.8613861386138614 ; 
0.38571428571428573 ,  0.8613861386138614 ; 
0.4 ,  0.8613861386138614 ; 
0.4142857142857143 ,  0.8613861386138614 ; 
0.42857142857142855 ,  0.8613861386138614 ; 
0.44285714285714284 ,  0.8613861386138614 ; 
0.45714285714285713 ,  0.8613861386138614 ; 
0.4714285714285714 ,  0.8613861386138614 ; 
0.4857142857142857 ,  0.8613861386138614 ; 
0.5 ,  0.8613861386138614 ; 
0.5142857142857142 ,  0.8613861386138614 ; 
0.5285714285714286 ,  0.8613861386138614 ; 
0.5428571428571428 ,  0.8613861386138614 ; 
0.5571428571428572 ,  0.8613861386138614 ; 
0.5714285714285714 ,  0.8613861386138614 ; 
0.5857142857142857 ,  0.8613861386138614 ; 
0.6 ,  0.8613861386138614 ; 
0.6142857142857143 ,  0.8613861386138614 ; 
0.6285714285714286 ,  0.8613861386138614 ; 
0.6428571428571429 ,  0.8613861386138614 ; 
0.6571428571428571 ,  0.8613861386138614 ; 
0.6714285714285714 ,  0.8613861386138614 ; 
0.6857142857142857 ,  0.8613861386138614 ; 
0.7 ,  0.8613861386138614 ; 
0.7142857142857143 ,  0.8613861386138614 ; 
0.7285714285714285 ,  0.8613861386138614 ; 
0.7428571428571429 ,  0.8613861386138614 ; 
0.7571428571428571 ,  0.8613861386138614 ; 
0.7714285714285715 ,  0.8613861386138614 ; 
0.7857142857142857 ,  0.8613861386138614 ; 
0.8 ,  0.8613861386138614 ; 
0.8142857142857143 ,  0.8613861386138614 ; 
0.8285714285714286 ,  0.8613861386138614 ; 
0.8428571428571429 ,  0.8613861386138614 ; 
0.8571428571428571 ,  0.8613861386138614 ; 
0.8714285714285714 ,  0.8613861386138614 ; 
0.8857142857142857 ,  0.8613861386138614 ; 
0.9 ,  0.8613861386138614 ; 
0.9142857142857143 ,  0.8613861386138614 ; 
0.9285714285714286 ,  0.8613861386138614 ; 
0.9428571428571428 ,  0.8613861386138614 ; 
0.9571428571428572 ,  0.8613861386138614 ; 
0.9714285714285714 ,  0.8613861386138614 ; 
0.9857142857142858 ,  0.8613861386138614 ; 
0 ,  0.8712871287128713 ; 
0.014285714285714285 ,  0.8712871287128713 ; 
0.02857142857142857 ,  0.8712871287128713 ; 
0.04285714285714286 ,  0.8712871287128713 ; 
0.05714285714285714 ,  0.8712871287128713 ; 
0.07142857142857142 ,  0.8712871287128713 ; 
0.08571428571428572 ,  0.8712871287128713 ; 
0.1 ,  0.8712871287128713 ; 
0.11428571428571428 ,  0.8712871287128713 ; 
0.12857142857142856 ,  0.8712871287128713 ; 
0.14285714285714285 ,  0.8712871287128713 ; 
0.15714285714285714 ,  0.8712871287128713 ; 
0.17142857142857143 ,  0.8712871287128713 ; 
0.18571428571428572 ,  0.8712871287128713 ; 
0.2 ,  0.8712871287128713 ; 
0.21428571428571427 ,  0.8712871287128713 ; 
0.22857142857142856 ,  0.8712871287128713 ; 
0.24285714285714285 ,  0.8712871287128713 ; 
0.2571428571428571 ,  0.8712871287128713 ; 
0.2714285714285714 ,  0.8712871287128713 ; 
0.2857142857142857 ,  0.8712871287128713 ; 
0.3 ,  0.8712871287128713 ; 
0.3142857142857143 ,  0.8712871287128713 ; 
0.32857142857142857 ,  0.8712871287128713 ; 
0.34285714285714286 ,  0.8712871287128713 ; 
0.35714285714285715 ,  0.8712871287128713 ; 
0.37142857142857144 ,  0.8712871287128713 ; 
0.38571428571428573 ,  0.8712871287128713 ; 
0.4 ,  0.8712871287128713 ; 
0.4142857142857143 ,  0.8712871287128713 ; 
0.42857142857142855 ,  0.8712871287128713 ; 
0.44285714285714284 ,  0.8712871287128713 ; 
0.45714285714285713 ,  0.8712871287128713 ; 
0.4714285714285714 ,  0.8712871287128713 ; 
0.4857142857142857 ,  0.8712871287128713 ; 
0.5 ,  0.8712871287128713 ; 
0.5142857142857142 ,  0.8712871287128713 ; 
0.5285714285714286 ,  0.8712871287128713 ; 
0.5428571428571428 ,  0.8712871287128713 ; 
0.5571428571428572 ,  0.8712871287128713 ; 
0.5714285714285714 ,  0.8712871287128713 ; 
0.5857142857142857 ,  0.8712871287128713 ; 
0.6 ,  0.8712871287128713 ; 
0.6142857142857143 ,  0.8712871287128713 ; 
0.6285714285714286 ,  0.8712871287128713 ; 
0.6428571428571429 ,  0.8712871287128713 ; 
0.6571428571428571 ,  0.8712871287128713 ; 
0.6714285714285714 ,  0.8712871287128713 ; 
0.6857142857142857 ,  0.8712871287128713 ; 
0.7 ,  0.8712871287128713 ; 
0.7142857142857143 ,  0.8712871287128713 ; 
0.7285714285714285 ,  0.8712871287128713 ; 
0.7428571428571429 ,  0.8712871287128713 ; 
0.7571428571428571 ,  0.8712871287128713 ; 
0.7714285714285715 ,  0.8712871287128713 ; 
0.7857142857142857 ,  0.8712871287128713 ; 
0.8 ,  0.8712871287128713 ; 
0.8142857142857143 ,  0.8712871287128713 ; 
0.8285714285714286 ,  0.8712871287128713 ; 
0.8428571428571429 ,  0.8712871287128713 ; 
0.8571428571428571 ,  0.8712871287128713 ; 
0.8714285714285714 ,  0.8712871287128713 ; 
0.8857142857142857 ,  0.8712871287128713 ; 
0.9 ,  0.8712871287128713 ; 
0.9142857142857143 ,  0.8712871287128713 ; 
0.9285714285714286 ,  0.8712871287128713 ; 
0.9428571428571428 ,  0.8712871287128713 ; 
0.9571428571428572 ,  0.8712871287128713 ; 
0.9714285714285714 ,  0.8712871287128713 ; 
0.9857142857142858 ,  0.8712871287128713 ; 
0 ,  0.8811881188118812 ; 
0.014285714285714285 ,  0.8811881188118812 ; 
0.02857142857142857 ,  0.8811881188118812 ; 
0.04285714285714286 ,  0.8811881188118812 ; 
0.05714285714285714 ,  0.8811881188118812 ; 
0.07142857142857142 ,  0.8811881188118812 ; 
0.08571428571428572 ,  0.8811881188118812 ; 
0.1 ,  0.8811881188118812 ; 
0.11428571428571428 ,  0.8811881188118812 ; 
0.12857142857142856 ,  0.8811881188118812 ; 
0.14285714285714285 ,  0.8811881188118812 ; 
0.15714285714285714 ,  0.8811881188118812 ; 
0.17142857142857143 ,  0.8811881188118812 ; 
0.18571428571428572 ,  0.8811881188118812 ; 
0.2 ,  0.8811881188118812 ; 
0.21428571428571427 ,  0.8811881188118812 ; 
0.22857142857142856 ,  0.8811881188118812 ; 
0.24285714285714285 ,  0.8811881188118812 ; 
0.2571428571428571 ,  0.8811881188118812 ; 
0.2714285714285714 ,  0.8811881188118812 ; 
0.2857142857142857 ,  0.8811881188118812 ; 
0.3 ,  0.8811881188118812 ; 
0.3142857142857143 ,  0.8811881188118812 ; 
0.32857142857142857 ,  0.8811881188118812 ; 
0.34285714285714286 ,  0.8811881188118812 ; 
0.35714285714285715 ,  0.8811881188118812 ; 
0.37142857142857144 ,  0.8811881188118812 ; 
0.38571428571428573 ,  0.8811881188118812 ; 
0.4 ,  0.8811881188118812 ; 
